"Question ID",Position,A,B,C,D,Correct
9563,1,2,84,15,0,84
9548,2,4,62,5,29,62
9522,3,4,80,2,15,80
9673,4,80,13,2,5,80
9832,5,25,27,29,18,29
9583,6,27,47,9,16,47
9708,7,16,7,35,42,35
9676,8,4,22,73,2,73
9833,9,58,15,22,5,58
9710,10,2,16,58,24,58
9866,11,9,56,7,27,56
9587,12,0,98,2,0,98
9672,13,16,0,36,47,47
9588,14,25,18,2,55,55
9473,15,13,4,11,73,73
9523,16,5,62,29,4,62
9582,17,64,7,20,9,20
